50
0 2 178
0 3 24
0 4 178
0 5 138
0 7 130
0 8 271
0 9 56
0 10 27
0 13 207
0 14 286
0 16 85
0 17 7
0 18 25
0 21 201
0 22 99
0 23 81
0 24 55
0 25 283
0 26 152
0 27 113
0 29 233
0 32 286
0 33 63
0 34 217
0 35 153
0 36 274
0 37 211
0 39 217
0 40 216
0 41 72
0 42 37
0 43 207
0 44 4
0 45 247
0 47 264
0 48 168
0 49 274
1 2 291
1 3 165
1 4 14
1 5 14
1 6 162
1 8 178
1 10 80
1 11 101
1 12 283
1 13 186
1 15 73
1 16 286
1 17 277
1 18 289
1 19 97
1 21 141
1 22 244
1 23 176
1 24 100
1 25 125
1 26 15
1 27 154
1 28 33
1 29 111
1 31 118
1 32 59
1 33 142
1 36 240
1 37 221
1 38 289
1 39 82
1 40 119
1 41 23
1 42 298
1 43 160
1 45 273
1 47 32
1 48 270
1 49 57
2 3 136
2 6 273
2 7 271
2 8 138
2 9 140
2 10 118
2 12 294
2 16 210
2 17 72
2 18 250
2 20 68
2 26 157
2 27 181
2 29 45
2 31 207
2 33 49
2 34 195
2 35 70
2 36 13
2 37 149
2 38 48
2 39 186
2 40 143
2 41 170
2 42 289
2 43 53
2 46 39
2 47 268
2 48 97
2 49 137
3 4 3
3 5 196
3 6 188
3 7 38
3 9 98
3 10 28
3 11 3
3 12 115
3 14 277
3 15 39
3 16 245
3 17 120
3 18 7
3 20 279
3 21 160
3 22 155
3 23 260
3 25 54
3 26 39
3 27 235
3 29 248
3 30 269
3 31 134
3 32 126
3 34 126
3 35 113
3 36 174
3 38 178
3 39 215
3 40 77
3 41 201
3 43 241
3 44 19
3 45 242
3 46 153
3 47 280
3 48 257
3 49 254
4 5 19
4 6 50
4 7 39
4 9 191
4 10 52
4 11 176
4 12 236
4 13 13
4 14 97
4 15 249
4 16 256
4 17 249
4 19 254
4 21 245
4 22 41
4 23 223
4 24 99
4 25 166
4 27 39
4 29 115
4 30 277
4 31 283
4 32 257
4 33 278
4 35 40
4 36 220
4 38 66
4 41 108
4 42 109
4 43 169
4 44 63
4 45 163
4 47 65
4 48 139
5 8 242
5 9 238
5 10 180
5 11 262
5 13 189
5 15 230
5 16 228
5 17 73
5 18 38
5 19 69
5 23 258
5 25 217
5 26 38
5 27 276
5 28 214
5 29 76
5 30 154
5 31 179
5 32 65
5 33 102
5 34 186
5 35 180
5 37 184
5 38 247
5 39 80
5 40 283
5 43 54
5 46 122
6 7 100
6 9 129
6 10 217
6 11 36
6 12 31
6 13 209
6 14 240
6 17 13
6 18 199
6 20 275
6 22 271
6 23 161
6 25 63
6 29 41
6 31 183
6 32 278
6 34 139
6 35 84
6 36 84
6 37 234
6 39 226
6 40 277
6 41 196
6 42 141
6 43 169
6 44 217
6 45 133
6 46 228
6 47 133
6 48 144
7 9 219
7 10 146
7 11 133
7 12 43
7 13 75
7 14 85
7 15 100
7 16 91
7 17 153
7 18 155
7 19 37
7 20 259
7 21 106
7 22 80
7 23 242
7 24 93
7 25 95
7 26 22
7 28 226
7 31 175
7 32 7
7 33 23
7 34 166
7 35 230
7 36 99
7 37 124
7 38 34
7 39 227
7 40 280
7 42 269
7 43 238
7 45 279
7 47 35
7 48 193
8 9 104
8 11 114
8 14 100
8 15 174
8 19 263
8 20 122
8 21 143
8 22 171
8 24 2
8 25 290
8 26 29
8 27 233
8 28 240
8 29 81
8 30 97
8 32 98
8 33 217
8 34 21
8 35 99
8 36 26
8 37 103
8 38 143
8 39 18
8 40 218
8 41 65
8 42 232
8 43 60
8 44 112
8 45 126
8 46 250
8 49 7
9 10 49
9 11 110
9 13 81
9 15 120
9 18 151
9 20 20
9 22 171
9 23 68
9 24 276
9 25 219
9 28 18
9 29 39
9 30 54
9 34 130
9 35 213
9 37 220
9 38 142
9 39 40
9 40 220
9 41 197
9 43 65
9 46 150
9 47 246
9 48 4
10 11 207
10 14 166
10 17 24
10 18 51
10 21 288
10 22 198
10 23 176
10 24 62
10 26 138
10 27 166
10 28 247
10 29 117
10 30 94
10 31 79
10 32 264
10 34 222
10 35 158
10 36 118
10 37 219
10 38 188
10 41 270
10 43 225
10 44 46
10 45 291
10 48 85
10 49 103
11 14 291
11 15 254
11 17 90
11 18 283
11 19 52
11 21 44
11 22 23
11 23 240
11 24 36
11 25 299
11 26 201
11 27 207
11 29 261
11 32 56
11 35 1
11 37 80
11 38 148
11 39 181
11 40 198
11 41 100
11 42 59
11 43 83
11 48 288
11 49 238
12 13 216
12 14 159
12 15 114
12 17 240
12 20 44
12 22 96
12 23 84
12 24 53
12 26 77
12 28 68
12 29 94
12 31 171
12 34 109
12 39 172
12 40 93
12 43 248
12 44 151
12 45 250
12 46 259
12 47 249
12 48 208
12 49 15
13 14 226
13 15 24
13 17 171
13 18 103
13 19 131
13 20 140
13 21 2
13 22 79
13 24 8
13 26 20
13 27 237
13 28 282
13 29 264
13 30 20
13 31 215
13 32 274
13 33 22
13 34 213
13 41 46
13 42 253
13 43 37
13 44 5
13 45 51
13 46 49
13 48 267
14 17 183
14 19 231
14 20 34
14 21 21
14 22 53
14 24 192
14 27 213
14 28 136
14 29 9
14 30 57
14 31 258
14 32 89
14 33 157
14 34 212
14 35 208
14 39 219
14 41 23
14 45 221
14 46 32
14 47 250
14 48 137
15 16 281
15 17 241
15 18 273
15 20 21
15 22 289
15 23 297
15 25 248
15 26 227
15 28 88
15 29 51
15 30 171
15 33 209
15 34 16
15 35 182
15 36 98
15 37 214
15 38 125
15 39 245
15 40 43
15 41 150
15 42 138
15 43 267
15 45 189
15 46 99
16 17 200
16 19 281
16 20 288
16 21 296
16 22 150
16 24 38
16 25 98
16 26 180
16 27 292
16 28 71
16 29 93
16 30 122
16 31 66
16 32 69
16 33 297
16 34 61
16 35 211
16 37 251
16 39 49
16 40 249
16 42 77
16 43 259
16 44 251
16 45 115
16 49 152
17 18 85
17 20 170
17 21 95
17 23 299
17 24 117
17 26 43
17 27 211
17 28 45
17 29 271
17 30 229
17 33 266
17 34 81
17 37 171
17 40 61
17 43 240
17 44 213
17 45 298
17 46 175
17 47 156
17 48 39
17 49 118
18 19 128
18 21 230
18 22 185
18 23 196
18 24 76
18 25 285
18 26 297
18 27 230
18 28 247
18 29 14
18 30 125
18 32 130
18 33 201
18 35 99
18 38 187
18 39 160
18 40 214
18 41 205
18 42 258
18 43 172
18 44 213
18 45 258
18 46 266
18 48 167
18 49 183
19 20 51
19 21 160
19 22 285
19 23 28
19 24 185
19 25 120
19 28 120
19 29 262
19 30 103
19 31 57
19 32 146
19 35 145
19 36 196
19 37 219
19 38 240
19 39 159
19 42 98
19 43 299
19 45 132
19 46 280
19 47 288
19 48 197
19 49 129
20 21 210
20 22 62
20 24 11
20 25 35
20 28 97
20 29 234
20 30 70
20 31 205
20 33 14
20 34 5
20 36 114
20 37 231
20 39 130
20 40 52
20 41 181
20 42 216
20 44 179
20 47 89
20 48 64
20 49 149
21 22 134
21 23 204
21 24 298
21 25 195
21 26 120
21 27 155
21 28 185
21 29 157
21 30 161
21 31 168
21 32 145
21 33 178
21 37 76
21 38 53
21 41 253
21 42 107
21 43 249
21 44 103
21 45 193
21 46 45
21 48 194
21 49 281
22 23 90
22 24 193
22 25 223
22 26 184
22 27 269
22 29 285
22 31 87
22 35 238
22 36 1
22 37 183
22 39 8
22 40 53
22 42 168
22 43 59
22 44 108
22 47 168
22 48 180
22 49 167
23 24 57
23 25 278
23 26 2
23 27 27
23 28 29
23 29 128
23 31 136
23 34 124
23 35 262
23 37 245
23 41 249
23 42 120
23 43 216
23 45 22
23 46 191
23 47 53
23 48 215
23 49 204
24 26 39
24 27 218
24 29 267
24 30 262
24 32 143
24 33 169
24 34 109
24 35 129
24 36 90
24 38 98
24 39 161
24 40 182
24 41 121
24 44 75
24 45 299
24 47 204
24 48 72
24 49 291
25 26 142
25 27 14
25 29 71
25 30 158
25 31 270
25 33 12
25 34 194
25 35 29
25 36 130
25 37 191
25 39 225
25 41 69
25 42 208
25 43 100
25 44 30
25 46 294
25 47 154
25 48 195
25 49 32
26 27 226
26 28 80
26 30 139
26 37 225
26 38 123
26 40 297
26 43 246
26 44 296
26 45 149
26 47 69
27 28 268
27 29 66
27 33 148
27 35 122
27 37 72
27 38 165
27 39 128
27 42 261
27 43 27
27 44 269
27 46 102
27 48 165
28 29 199
28 30 158
28 31 141
28 32 201
28 33 59
28 35 233
28 36 116
28 38 33
28 40 106
28 41 122
28 42 222
28 43 169
28 44 239
28 45 222
28 47 285
28 48 106
28 49 195
29 30 78
29 31 245
29 32 59
29 33 231
29 34 198
29 35 228
29 36 3
29 37 198
29 41 27
29 42 62
29 46 242
29 47 227
29 49 257
30 32 115
30 33 127
30 34 22
30 35 75
30 36 194
30 38 71
30 39 129
30 40 46
30 42 50
30 43 185
30 45 176
31 32 114
31 33 43
31 35 31
31 37 145
31 38 241
31 42 180
31 43 87
31 44 249
31 46 175
31 47 172
31 48 277
32 33 83
32 34 293
32 35 186
32 36 186
32 37 278
32 39 17
32 40 122
32 41 217
32 42 25
32 44 120
32 45 272
32 46 48
32 47 88
32 49 161
33 34 240
33 35 97
33 36 168
33 37 60
33 38 53
33 40 283
33 41 251
33 42 209
33 44 207
33 45 269
33 47 26
33 49 100
34 35 76
34 36 137
34 37 148
34 38 295
34 41 181
34 42 253
34 43 57
34 44 157
34 45 131
34 46 14
34 47 27
34 48 224
34 49 183
35 36 199
35 40 120
35 42 284
35 43 67
35 46 7
35 47 71
35 48 118
36 37 187
36 38 139
36 39 78
36 40 86
36 41 82
36 42 170
36 43 268
36 44 51
36 45 190
36 46 256
36 47 296
36 48 46
37 38 277
37 40 46
37 41 281
37 43 184
37 45 270
37 46 163
37 47 167
38 40 249
38 41 96
38 42 193
38 44 190
38 46 249
38 47 57
38 48 210
38 49 147
39 40 161
39 41 60
39 45 256
39 46 288
39 49 146
40 42 128
40 46 237
40 48 135
41 42 153
41 43 186
41 44 178
41 45 188
41 46 100
41 47 274
41 48 189
42 44 22
42 45 275
42 46 195
42 47 245
42 48 251
42 49 263
43 45 1
43 47 134
43 48 31
43 49 68
44 45 93
44 46 296
44 47 207
44 48 4
45 46 299
45 47 154
45 48 82
45 49 30
46 48 150
46 49 49
47 48 51
47 49 214
48 49 150
